1
100
100
100
1001
1001
1002
1003
1004
1005
1005
1006
1006
1007
1007
1007
1007
1010
1011
1012
1013
1014
1015
1015
1016
1016
1016
1016
1019
1019
1019
102
102
1020
1020
1021
1021
1022
1024
1027
1027
1028
1030
1030
1031
1033
1036
1036
1037
1038
104
1041
1041
1047
1048
1049
105
105
1051
1054
1054
1054
1056
106
1061
1062
1062
1063
1063
1064
1064
1064
1064
1067
1067
1067
1069
1069
107
1070
1071
1071
1073
1074
1075
1075
1076
1076
1077
1077
1077
1078
1078
1078
1078
1080
1080
1082
1083
1085
1085
1086
1089
1089
109
109
1090
1091
1092
1092
1093
1093
1093
1094
1094
1095
1096
1096
1097
1098
1100
1102
1103
1104
1105
1106
1106
1108
1108
1109
1109
111
1112
1112
1113
1114
1115
1116
1116
1117
1118
1119
1120
1121
1122
1125
1126
1128
1128
1128
113
113
1130
1132
1133
1135
1135
1137
1139
1142
1143
1143
1144
1146
1147
1147
1148
115
1151
1155
1156
1156
1156
1158
1158
1159
1159
116
1160
1160
1160
1161
1162
1163
1164
1165
1167
1168
1169
117
1171
1172
1172
1173
1173
1174
1174
1175
1176
1176
1177
1179
1180
1181
1183
1183
1184
1184
1186
1187
1189
1189
119
1190
1191
1191
1192
1192
1193
1194
1194
1195
1195
1196
1198
1198
1199
1199
1199
1200
1201
1201
1202
1202
1202
1203
1203
1203
1204
1204
1204
1208
1210
1210
1210
1211
1211
1216
1216
1216
1217
1218
1220
1220
1220
1221
1222
1222
1223
1226
1226
1228
1229
123
123
123
123
123
1230
1232
1233
1234
1234
1234
1237
1238
1239
1239
124
1240
1240
1242
1243
1244
1246
125
125
1250
1250
1250
1251
1251
1252
1255
1256
1257
1258
1259
1259
126
1260
1263
1263
1266
1269
1269
127
1270
1272
1272
1274
1276
1276
1277
1277
128
1281
1282
1283
1283
1283
1285
1285
1286
1287
1288
1288
1288
1289
129
1290
1291
1292
1292
1294
1295
1297
1299
130
130
130
130
130
1300
1300
1301
1301
1303
1304
1306
1307
1307
1307
1309
131
131
1310
1310
1310
1311
1314
1319
1319
132
132
1320
1321
1322
1323
1323
1324
1324
1326
1328
1328
1328
1328
133
1330
1332
1332
1336
1337
1337
1338
134
1340
1341
1341
1342
1342
1343
1344
1344
1344
1344
1345
1345
1345
1348
1348
1348
1349
135
135
1350
1351
1351
1351
1353
1353
1354
1356
1357
1358
1358
136
136
1360
1360
1362
1363
1363
1364
1364
1365
1365
1366
1367
1368
1368
1369
1369
137
1371
1372
1372
1373
1374
1374
1374
1375
1376
1377
1377
1379
1379
1380
1382
1383
1386
1386
1387
1388
1388
1388
1388
1389
1389
139
1390
1391
1392
1392
1393
1397
1398
1398
1398
1399
1399
14
14
14
140
140
1400
1401
1402
1403
1404
1405
1405
1406
1407
1407
1408
1409
141
1410
1410
1410
1410
1412
1413
1413
1414
1415
1419
1419
1421
1423
1424
1426
1429
143
143
1432
1433
1435
1435
1437
1438
1439
144
1440
1441
1445
1445
1446
1446
1447
1448
145
1450
1450
1451
1454
1454
1457
1458
1458
1458
146
146
146
1460
1461
1462
1463
1465
1465
1465
1466
1466
1468
1469
1469
1469
147
147
1470
1471
1471
1472
1475
1476
1476
1479
148
148
1484
1484
1485
1485
1485
1486
1490
1490
1490
1491
1492
1493
1493
1494
1495
1497
1497
1497
1498
1499
1499
150
150
1500
1500
1502
1502
1503
1504
1504
1504
1505
151
151
151
1510
1513
1514
1517
1517
1518
1518
1518
1519
1519
1522
1523
1525
1526
1526
1527
1527
1528
1529
1529
153
1530
1530
1530
1534
1534
1534
1535
1535
1536
1537
1539
1539
1539
1541
1542
1542
1543
1544
1546
1546
1546
1547
1547
1547
1548
1548
1549
155
155
1551
1554
1556
1556
1559
1559
156
156
156
156
1560
1560
1560
1560
1562
1562
1563
1563
1563
1566
1566
1567
1568
1568
1569
1569
1570
1573
1574
1575
1576
1578
158
158
1583
1583
1583
1584
1584
1585
1585
1586
1586
1588
1589
1590
1590
1591
1593
1593
1594
1594
1596
1597
16
160
1600
1601
1602
1603
1604
1605
1610
1610
1611
1611
1612
1612
1614
1615
1615
1615
1617
1617
162
1623
1623
1625
1625
1627
1627
163
1631
1634
1636
1637
1637
1637
1638
1638
1639
1639
164
164
164
1641
1645
1646
1646
1646
1647
1648
165
1650
1650
1650
1651
1651
1654
1654
1654
1655
1655
1656
1659
1659
1660
1662
1663
1664
1665
1667
1667
1668
1669
1671
1672
1674
1676
1676
1677
1679
1682
1683
1683
1683
1684
1685
1686
1688
1688
169
1690
1692
1693
1694
1695
1696
1697
1697
1699
1699
17
1700
1702
1702
1702
1703
1704
1704
1705
1706
1707
1709
171
1710
1710
1711
1713
1713
1713
1715
1716
1718
1718
1719
172
1720
1720
1724
1725
1726
1726
1726
173
173
1733
1734
1735
1735
1735
1735
1736
1737
1737
1737
1737
1737
1738
1739
1739
174
174
1740
1741
1743
1744
1744
1744
1744
1746
1746
1747
1748
175
175
175
1750
1752
1752
1753
1753
1754
1754
1754
1754
1756
1756
1757
1757
176
1760
1761
1761
1761
1762
1763
1764
1764
1764
1768
1769
177
1772
1774
1774
1776
1777
1779
1779
1779
178
178
1781
1784
1786
1786
1787
1791
1792
1792
1792
1793
1794
1794
1795
1795
1796
1796
1797
1798
1799
18
180
1801
1801
1802
1803
1805
1806
1806
1807
1807
1807
181
181
181
1810
1810
1810
1811
1812
1813
1814
1818
1819
1820
1821
1821
1825
1826
1826
1829
1830
1833
1839
184
184
1840
1840
1840
1843
1843
1844
1845
1845
1847
1847
1849
1849
185
1850
1850
1850
1851
1852
1856
1859
1860
1861
1862
1863
1863
1863
1863
1864
1865
1867
1867
1867
1867
1868
1869
187
187
1870
1870
1870
1871
1871
1872
1873
1874
1875
1875
1876
1876
1878
1880
1880
1883
1883
1886
1886
1886
1886
1888
1889
1889
189
189
1891
1891
1893
1893
1894
1894
1895
1896
1897
1897
1899
19
1900
1901
1904
1904
1905
1905
1906
1906
1908
1908
1909
1909
1909
1909
1910
1911
1911
1913
1914
1918
192
192
1920
1921
1922
1922
1923
1924
1929
1931
1931
1935
1936
1938
1940
1941
1944
1947
1948
1948
1949
195
1952
1952
1953
1955
1956
1959
196
196
196
1961
1962
1962
1962
1963
1965
1966
1966
1969
1970
1970
1971
1974
1975
1975
1977
1977
1978
1978
1979
1979
198
1980
1983
1986
1986
1987
1987
1988
1992
1992
1995
1995
1995
1996
1996
1997
1997
1997
1998
1998
1999
20
2000
2001
2002
2006
2006
2006
2009
201
2010
2013
2016
2018
2020
2034
2035
2037
2038
2043
2045
2057
2057
206
206
206
206
2061
2066
2066
2069
207
2072
2072
2072
2073
2074
2074
2077
2078
2079
208
2082
2083
2089
209
2093
2095
2096
2097
2097
21
210
210
2102
211
2111
2112
2112
2114
212
2121
2122
2125
213
213
2132
2133
2134
2134
2137
2137
2137
214
214
2145
215
2157
216
216
216
2162
2166
2168
217
217
2171
218
2181
2186
2189
219
219
219
2190
2197
220
220
2201
2209
221
2215
2217
222
222
222
223
2233
224
2248
2249
225
225
2250
2251
2256
2258
226
2262
2265
2266
227
227
227
2270
2272
228
228
2280
2285
2287
2292
2294
2295
2296
23
230
2301
2302
2302
2302
2303
2303
2307
2307
2309
2310
2310
2313
2314
2318
232
2325
2331
2338
234
2340
2345
2346
2346
2346
2347
235
2353
2356
236
236
236
2364
2364
2366
237
237
2373
2374
2378
238
2382
2385
2385
239
239
2394
24
240
2403
2405
2407
2419
242
242
2424
2429
2433
2438
2441
2448
245
2452
2457
2458
2459
248
2481
2489
249
249
2497
2500
2508
2508
2510
2510
2512
2525
2528
253
2531
2534
2538
2539
254
2540
2541
2541
2547
2547
2552
2553
2557
2559
256
2560
2562
2562
2564
2570
2574
2574
2576
258
2582
259
2590
2595
2597
2598
260
260
260
2602
2607
2607
2607
261
261
261
2610
2615
2618
2620
2621
2621
2621
2621
2623
2626
2627
2628
263
263
2630
2632
2637
2641
2645
2646
2648
2649
265
2658
2659
2663
2671
2678
2679
268
2685
2687
2690
2692
2705
2705
2705
2710
2713
2720
2724
2729
2737
274
274
2741
2741
2742
2743
2744
2744
2746
2757
2758
2759
276
2764
2769
277
2773
2777
2777
2778
278
2785
2788
279
279
2792
2794
2794
2796
2797
28
28
280
280
280
2803
2808
2810
2810
282
282
283
2834
2836
2836
284
2840
2844
2844
2844
285
285
2850
2852
2854
2855
2857
2859
2868
287
287
2871
2872
2874
2876
2880
2883
2883
2887
2889
2891
2892
2892
2897
29
29
290
290
290
2903
291
292
2921
2928
2928
293
293
2930
2937
294
2941
2944
2944
2945
295
2951
2956
2959
296
296
2960
2963
297
2972
2978
298
2982
299
299
299
2991
2991
2992
2996
3
30
30
3000
3002
3006
3008
3009
301
301
3010
3017
302
3020
3021
3021
3027
3028
303
3030
3031
3032
3032
3034
3035
3035
3036
304
3040
3047
3057
3059
306
3060
3069
307
307
3071
3075
3075
3079
3079
3079
3081
3087
309
3091
3092
3092
3093
3095
3097
31
31
310
3106
3107
3108
311
311
311
311
3111
3114
3117
312
3121
3124
3130
3131
3131
3132
3133
3136
3136
3136
3139
3139
314
3140
3144
3145
315
315
3151
3153
3154
3158
316
316
3164
3167
3167
3168
3170
3174
3175
3176
3177
3177
3179
318
3180
3184
3185
3186
3190
3190
3191
3192
3195
32
320
3200
3200
3203
3203
3204
3208
3208
321
321
3218
3219
322
322
3220
3237
324
3246
3249
325
3253
3253
3255
3259
326
3261
3263
3263
3264
3266
327
3271
3271
3274
3280
3284
3289
3291
3295
3296
3297
3298
3298
3299
33
3300
3300
3302
331
3310
3316
3318
332
332
332
3328
3329
3330
3334
3337
3337
334
3340
3340
3340
3342
3347
335
3350
3354
336
3364
3367
337
3374
3379
3379
3379
338
3381
3384
3385
339
3390
3390
34
34
34
340
340
3401
3404
3405
341
341
3411
3412
3415
3421
3426
3427
343
3431
3432
3433
3433
3436
344
344
344
3441
3452
3458
346
346
3460
3462
3463
3463
3465
3466
3468
3469
3469
347
347
347
3478
3480
3481
3483
3485
3487
349
349
349
349
3491
3493
3493
3496
3496
35
3501
3506
351
3519
3526
353
3530
3534
3536
354
3540
3543
3544
3548
3549
355
3550
3555
3556
3558
3560
3569
3572
3572
3574
3574
3575
358
3585
3587
359
359
359
3596
360
360
3602
3605
3610
3612
3612
3613
3614
3618
3618
362
362
3628
363
3631
3632
3633
3635
3636
364
3640
3641
3643
3648
3648
3648
365
365
3655
3657
3657
3662
3663
3663
3667
3671
3675
3676
3679
3682
3684
3687
3688
369
3692
3693
3695
37
3704
3704
3704
3705
3707
371
3712
372
3721
3722
3725
3727
3728
3729
373
3736
374
3740
3744
3744
3746
3751
3751
3757
3759
3761
3762
3767
3768
3769
377
3771
3776
3777
378
378
3780
3782
3788
3788
379
379
3790
3792
3795
38
380
3801
3801
3803
3805
381
3814
3814
3816
3819
3821
3821
3822
3823
3824
3825
3826
3827
383
3830
3832
3839
384
3843
3846
3846
3847
3851
3851
3857
386
3862
3864
3870
3874
3875
3877
388
388
3880
3883
3889
3889
389
389
3894
3895
3896
3899
3899
39
390
390
390
390
3905
3908
391
3911
3912
3913
3917
3923
3925
3927
393
393
393
393
3930
3935
3936
3937
3939
3953
3955
3959
396
3962
3963
3965
3968
397
3973
3979
398
398
3983
3984
3985
3988
3989
399
3992
3994
3995
3999
4
40
4001
4005
4007
4007
4009
4015
4015
4018
402
4020
4023
4024
403
403
4038
404
404
4044
4045
405
4051
4054
4055
406
4061
4061
4064
4064
4067
4069
407
407
4075
408
4082
4083
4084
4084
4084
4086
4088
409
409
4090
4093
4094
4094
4097
41
4105
4106
4107
4108
4109
411
4110
4113
4114
4115
4115
4117
412
4121
4124
4125
4127
4128
4129
4130
4133
4133
4135
4138
4142
4143
415
4152
4152
4155
4158
4166
417
417
417
4170
4170
4172
4178
4178
4179
418
418
4180
4185
4186
4187
4187
419
4194
42
42
420
420
420
420
4201
4202
4208
421
4210
4212
4213
4213
4215
4217
4219
422
422
422
4220
4220
4221
4225
4229
4230
4235
4238
4239
4242
4242
4244
4245
4250
4251
4257
4258
4259
426
426
4264
427
4270
4271
4273
4277
4278
4281
4282
4287
4288
4289
4289
429
429
429
4293
4295
43
43
430
430
4308
431
431
4310
4313
4313
4316
4321
4324
4329
433
4338
434
434
4344
4346
435
4352
4357
4357
4358
4359
4362
4363
4363
4367
437
437
437
4370
4375
4379
4379
4379
438
4381
4382
4388
439
4392
4392
4396
4399
4399
44
440
4400
4404
441
4410
4410
4416
4417
4418
4418
4421
4428
4429
4429
443
4432
4433
4433
4438
4441
4447
445
445
445
445
445
4450
4452
4456
446
446
4465
4468
4469
447
4470
4472
4473
4475
4477
4478
4482
4489
449
4493
4495
45
450
4507
451
4513
4516
4519
4519
452
452
4523
4527
4528
454
4540
4540
4543
4545
4547
455
4551
4551
4552
4555
4555
4556
4557
4557
456
457
4573
4576
4577
4579
4579
4581
4581
4582
4584
4586
4591
4593
460
460
4601
4603
4605
461
461
4617
4627
4629
4630
4634
4636
4636
464
464
4640
4644
4645
4646
465
4654
4655
4656
466
4663
4665
4666
4669
467
467
4674
469
469
469
469
4692
4698
4699
4700
4700
4700
4701
471
4712
4713
472
472
4720
4723
4725
473
473
473
4730
4734
4736
4741
4744
4745
4745
4749
475
475
4751
4753
4757
4758
476
476
4760
4760
4763
4764
4764
4765
4766
4766
4768
477
4770
4775
4777
4779
479
4792
4792
4794
4795
4797
4797
4797
480
480
4804
4807
4811
4815
4815
4817
4822
4823
4828
483
483
483
4832
4833
4836
484
4847
4848
485
4850
4850
4852
4853
4854
486
486
486
486
486
4869
4870
4874
4877
4878
488
488
4883
4884
489
489
4895
4899
49
49
49
4902
4905
4906
4909
491
4915
4917
4918
4920
4923
4926
4927
493
4930
4930
4931
4935
494
494
4949
4954
4954
4955
4956
4957
496
4960
4966
4975
4976
4977
4979
498
4991
4991
4991
50
50
50
501
501
503
503
504
505
506
506
507
507
507
508
509
509
51
510
511
511
514
514
515
518
519
519
520
520
521
523
523
524
524
525
525
526
526
527
528
530
530
531
532
533
535
536
536
537
54
540
540
542
543
545
546
548
548
549
549
549
55
550
550
550
550
550
551
552
553
553
553
553
554
554
555
555
555
557
56
562
562
563
563
565
565
566
568
569
570
570
571
573
574
574
574
575
576
577
577
579
580
581
581
581
582
582
583
583
583
584
586
587
59
59
59
59
59
591
591
593
595
596
596
597
597
599
6
60
600
602
602
603
603
603
604
604
604
605
605
606
606
609
61
61
612
612
613
613
613
614
615
615
615
616
618
62
620
620
620
622
622
622
623
623
623
625
625
625
625
626
626
628
629
629
63
630
631
631
631
634
634
634
634
635
636
637
637
639
639
64
642
643
645
646
647
648
648
649
649
649
649
65
65
650
650
651
651
651
654
654
654
654
655
655
658
659
66
660
660
660
663
663
664
665
665
666
666
667
668
668
669
67
672
676
68
681
681
681
684
684
685
686
687
689
69
690
692
692
695
696
698
698
699
7
7
70
70
701
702
703
704
704
706
709
709
709
710
711
711
715
715
717
717
717
718
718
719
721
721
721
721
723
723
724
724
724
724
726
726
727
729
729
73
73
730
732
733
733
735
738
738
74
74
74
740
741
741
742
743
743
744
746
746
748
748
748
75
750
750
752
754
754
756
758
758
76
761
763
764
765
765
767
768
769
769
773
774
775
776
777
779
781
781
781
781
784
784
786
788
788
788
789
790
790
790
790
792
794
794
794
795
796
797
798
798
799
799
8
8
80
800
800
801
805
806
807
807
807
809
81
81
810
811
811
812
812
812
812
813
815
815
815
818
818
819
820
820
821
823
824
824
824
826
828
829
83
83
83
83
830
833
833
833
834
836
836
836
837
839
839
84
84
840
841
842
842
844
844
844
844
847
848
849
849
850
850
851
852
852
852
853
855
856
856
857
857
859
859
859
859
86
861
861
863
865
866
867
868
869
869
870
870
871
874
874
875
876
876
877
878
878
878
879
879
88
881
882
882
882
883
884
885
885
886
888
889
889
890
891
892
893
893
894
894
894
897
897
898
898
898
898
9
90
901
903
904
906
907
907
908
909
909
909
91
910
911
913
914
915
915
916
917
919
919
919
919
92
920
920
920
921
922
923
924
927
928
929
929
930
933
934
935
936
937
938
938
939
939
940
941
945
948
949
950
953
954
956
956
956
957
958
958
958
958
96
961
961
962
963
964
965
965
967
967
969
971
972
972
972
972
973
974
976
977
977
977
98
98
980
981
982
982
985
985
986
987
989
989
990
990
991
993
994
996
997
997
998
998
999
