7928
9114
1965
6306
735
1111
9896
8725
282
871
1569
157
737
1142
6491
119
8281
8947
6255
7313
2103
9428
7386
3736
3962
4454
6203
6260
9219
7186
8055
7146
6299
19
3452
7034
1130
3347
5759
1411
4217
7327
1567
4954
8469
8058
5073
6749
7005
1328
4062
9107
755
1448
2843
4717
5902
9046
977
5120
6231
9031
2266
2530
9050
5717
9564
179
9064
5322
1589
3281
2648
3156
8235
1117
1214
3307
7865
8218
4634
1927
7325
5389
3374
167
106
9275
9213
1082
4395
5444
112
6661
7973
9162
2378
7536
9341
1441
2858
930
4721
5505
4085
2955
6622
5299
6262
4486
3516
896
6413
840
6285
9787
1007
6390
9062
219
7472
3456
5663
7583
116
3636
6745
2493
1172
6085
3934
4029
7014
8654
9533
1099
1609
6155
6397
7871
640
9912
8767
7053
752
5051
6839
1759
1441
5900
1978
8912
9356
7640
6495
9471
1275
3239
1964
2446
9324
5897
6474
6338
4551
6007
7436
6159
2161
3832
4030
2801
3744
2796
9853
4496
7846
6692
6254
9287
2591
8231
8199
1946
5870
4693
1417
7145
7932
3381
9590
7256
9277
6064
3593
3827
2071
1028
9986
4231
4860
4015
7032
8604
6810
6885
3099
4656
3576
9353
3943
6167
7583
2141
8113
3453
6834
9530
597
4765
2910
187
2021
2186
6251
5613
6013
8321
6641
5998
2552
1501
13
9583
104
6822
6468
3203
1478
43
2555
5420
6210
138
7561
4322
3590
4394
3851
4187
9159
6760
4374
1179
8946
624
6792
4958
8945
3432
955
1496
4933
967
1079
5036
7789
7546
8239
9267
7589
793
4686
3798
930
2247
8120
4520
6640
1970
8706
5798
8730
3080
6977
7675
3704
3768
2633
2648
7200
3587
4144
2133
4554
5222
7169
2343
2768
5407
1609
357
6200
6295
4154
7130
8541
2274
1649
5181
4243
355
979
2973
3435
7955
648
7138
1723
3280
9785
8923
6867
3928
1055
1420
9150
8223
3763
1917
3630
5372
2273
9829
1666
6427
6958
207
8700
8607
5387
2943
8962
6365
5916
2396
4320
6563
9533
6043
9842
9318
4965
6708
3245
6020
8128
2395
4243
1890
4312
7872
7262
6584
7700
8927
3011
4658
9133
1711
3265
4519
4653
2226
884
568
4622
5203
7131
4154
1245
6972
3471
6210
3680
6716
2229
1807
9110
6471
3697
3421
4343
958
5
2042
9885
3016
6700
9017
4726
9965
3536
9379
2191
4420
9947
6812
9623
7077
966
867
4049
4437
7077
7728
1152
9305
9535
262
5776
3231
3683
118
4189
3688
2160
4073
6703
8860
3090
1429
8824
6626
807
1014
1046
754
7825
668
7830
8791
1535
1879
3227
8611
9606
4379
7915
9140
4641
3691
2371
8323
3808
6560
2011
5968
632
8713
4827
3722
142
3650
348
948
4664
1393
1702
2489
2061
9532
1279
3595
1410
4506
2205
1016
8884
120
155
3525
3810
2526
1847
7617
9085
3857
3585
9717
2570
8411
3439
2711
2061
3786
3659
6724
5179
5361
9212
7239
4892
490
833
6301
4996
3037
7317
3879
3157
7471
7403
6966
9997
9250
4583
9082
3107
8167
8798
5677
6577
2236
8388
8637
6022
2047
5360
1201
7407
4572
8439
2298
5062
9272
8599
57
2309
5915
3936
5465
3386
1338
2430
3383
588
7013
2464
3695
5179
1261
9371
1756
3497
7758
393
9519
9804
5753
719
7211
324
9157
9508
5385
8429
8107
5441
738
4021
9376
6202
7407
714
8632
789
1302
5644
3252
4996
823
4513
4367
2579
8009
2125
2971
7527
1928
8723
8245
9139
9046
7402
8646
4431
5831
6752
9872
6568
773
9248
2770
8180
9962
1401
8968
1263
7045
2220
6259
7868
6732
625
446
4741
2749
3416
2267
4677
2139
512
3815
1184
7914
2461
5615
3744
9212
5486
312
9985
4733
3081
8164
4694
4482
7131
5957
1527
9351
2215
9395
6082
2839
9840
822
5587
3256
3089
264
5394
3600
4078
6578
1514
6538
2192
5257
5750
7677
5569
5734
2410
8649
3898
7103
3131
1029
3059
4657
379
5274
4051
6460
8112
3891
7282
3699
7146
370
3963
2540
3970
8040
9117
5483
4578
1308
739
328
8985
6308
6062
1394
4957
9959
8497
8087
987
1556
2744
1366
6829
6794
7825
4941
685
5107
8639
7831
5476
2601
370
9445
641
9487
4927
5219
795
5666
5546
9779
1973
1607
1172
6929
1565
9668
5016
2552
1224
7759
3917
8052
4553
1742
2992
5237
6848
1631
3067
2324
4231
3437
1768
4872
2923
6695
90
3717
2360
5636
3496
4333
7242
4668
1262
8806
4336
6278
1358
5559
4036
5274
3610
8588
7015
6601
3824
3863
8231
6891
6186
2462
327
7953
7334
3250
4648
7424
6967
7008
3059
462
1341
300
5129
2602
9106
9464
8879
463
5022
2915
5736
8632
1502
2751
5232
5326
6614
3463
2217
2799
5925
2544
752
3258
5793
5399
681
2759
2406
3739
3221
3747
4039
8349
6349
3144
7813
5228
3606
2835
8142
9342
1466
9644
2093
6698
4969
8706
160
7186
1504
6084
9729
2256
9342
5522
7654
23
8281
60
3762
1501
3806
7800
9850
154
943
7662
5382
4549
496
3523
3890
1962
3166
5982
8659
8135
4688
8818
5321
6191
4902
5049
8446
4244
570
6100
4266
8850
6160
8028
350
9966
5827
200
120
6770
7861
5501
1318
8357
9023
5207
318
2189
1189
8977
324
5877
7794
5644
2067
2696
1010
1061
1164
1100
1183
1107
1075
1114
1177
1180
1053
1123
1015
1092
1157
1097
1082
1048
1074
1121
1185
1144
1095
1015
1025
1057
1152
1143
1081
1040
1121
1092
1102
1084
1192
1085
1192
1066
1199
1168
1045
1052
1091
1060
1144
1047
1158
1026
1096
1031
1148
1080
1175
1042
1096
1000
1099
1047
1144
1181
1088
1064
1072
1190
1149
1063
1074
1141
1129
1073
1108
1175
1125
1200
1034
1069
1046
1193
1095
1142
1024
1042
1022
1200
1084
1118
1200
1184
1166
1143
1164
1053
1007
1035
1043
1156
1099
1118
1096
1028
9999